31977
-11157
-32143
10902
31894
-20886
-31672
45
32006
15524
-32092
-411
32061
5356
-32152
-9621
32469
712
-31894
6837
32072
-3464
-31584
-1528
31860
-4990
-32119
1154
32398
-14823
-32141
-2666
31717
-9686
-32188
-5652
31564
27895
-32319
23653
32241
16865
-31799
15947
32305
2175
-31361
-2595
31760
-2245
-31674
-5679
31668
10425
-31559
6170
31827
-11136
-32019
16766
31618
-13768
-31615
7857
31746
-7212
-31297
-3416
31230
4164
-31176
10077
31130
-19549
-31050
4768
31162
-5797
-31120
516
31679
-3958
-30815
2253
31433
7290
-31566
1129
31218
8418
-31159
-5113
30893
-23590
-31443
-22272
30726
12219
-31014
3756
31113
-12705
-30504
13989
30231
3203
-30424
-3173
30827
12742
-30657
-14241
30301
22825
-30746
4738
29910
-5060
-30390
14820
29947
4793
-29591
4637
29630
22503
-29614
11579
29505
28504
-29978
105
29788
3250
-29551
5540
28734
8958
-29284
4623
29292
12007
-29249
15151
29126
16145
-29028
-14660
29022
-5804
-28863
3869
29159
-16349
-28675
15583
28605
10489
-28469
3476
27992
-1094
-27981
13857
28004
6465
-28520
21531
28384
-21120
-27924
-17247
27533
8343
-27532
-15240
27344
-20150
-27098
-17013
27162
-16728
-27634
6823
27830
-25896
-27829
11975
27112
-9233
-26881
-4863
26985
-32490
-26339
-15838
26357
14619
-26175
-20260
26615
-8854
-26402
-21012
25626
12301
-25894
-7279
26370
4301
-25833
12992
25561
10468
-25118
-17279
24707
1234
-24616
9565
25718
28942
-24708
14374
24881
-19984
-25392
7148
24208
-15737
-24644
1782
24616
-12237
-24833
14971
24212
5357
-23186
-22984
23940
-15908
-23686
4141
23108
8543
-23684
3626
23000
11057
-23210
-4378
23151
-7733
-23215
-2862
22583
20246
-22848
-504
22677
23619
-22367
-6476
22234
-8857
-22193
-10173
21910
-8836
-21809
782
21617
-16084
-21937
14795
21582
-2459
-21451
11932
21279
10356
-20580
4740
21103
19436
-20630
9402
20743
-13576
-20373
-22615
19884
20669
-20178
7399
20180
16795
-19954
-9632
19095
-22115
-19581
-4034
18845
3017
-18933
1728
18985
-11140
-18599
-6641
18574
1763
-17883
-16199
18305
-5757
-18094
-1882
17649
-16
-18307
-5594
17778
-13365
-16889
-3115
17170
14001
-17466
-1073
16742
9843
-16609
1993
16528
3141
-16574
-8924
16239
3573
-15741
-9143
15684
3857
-15452
1881
15517
-6407
-15954
2835
15116
-16010
-14983
-2821
15299
21600
-14456
3877
14135
-8988
-14095
2576
14313
766
-13621
10155
13008
1044
-13541
-8295
13628
-16732
-13244
-14080
13079
-11587
-13125
-7215
12770
2075
-12098
12839
11834
10777
-12133
17612
11527
-8121
-11714
3319
12088
-5214
-10899
-22160
11966
7442
-10565
15944
11201
5994
-10485
-6463
10038
-1161
-10315
-4647
9680
-486
-9967
-17558
10036
12493
-9289
12699
9695
3059
-9652
-1081
8980
-8343
-8803
9596
8765
19335
-8081
6243
7807
5615
-8598
7519
7826
-3065
-7972
325
7183
-33084
-7195
9642
7085
7762
-6006
-11358
6232
-944
-6454
-21787
5718
12775
-6001
11937
5640
-1743
-5608
-41671
5044
-13834
-5062
-17689
4722
907
-4922
7890
5291
-3050
-4510
4606
4041
-5144
-4212
-2908
3829
-7474
-3325
5386
3450
15346
-3327
3528
2929
23227
-2844
14804
2683
-16228
-2021
6723
1787
1733
-2642
6460
1940
-2828
-2073
-1452
1426
-6221
-1041
-23241
880
5890
-864
10681
911
23642
-747
-12716
823
-1991
-396
14255
111
-13719
-61
-23436
-647
13564
1018
-14839
-915
-8753
1712
4706
-872
-8053
1166
-5905
-1492
5670
1659
10134
-1931
-3119
2006
-6899
-2706
-10034
2087
-4419
-2684
-25463
2854
-1584
-2854
8686
3769
-22610
-3552
-10729
3516
7855
-4506
-7789
4513
10208
-4737
16098
4626
13126
-5004
4114
4887
-4855
-5226
-24186
5161
3948
-5154
3862
5952
3505
-5545
1034
6728
5218
-5634
1816
6459
9781
-6399
-5469
7225
-3395
-7108
5143
7615
21381
-7758
-2013
7681
-22385
-8124
825
7959
-5666
-8065
19319
8753
-372
-8654
-11691
9080
-10680
-8882
-2618
9330
-2734
-9569
5727
9890
22075
-9850
1928
10509
3024
-10210
14249
10031
-7295
-10997
6903
10571
-629
-10563
-12127
10551
7965
-10732
6512
11852
-8096
-11827
-22
12034
16008
-12056
6768
12360
7374
-12547
-13572
12742
3891
-12464
-11893
12986
2003
-13813
16116
12715
32736
-13398
-19542
13585
22166
-13757
12466
13882
-5583
-14029
-4538
14297
5512
-15081
-176
14358
10274
-14790
-20755
15157
5027
-15689
-8884
15654
26256
-16134
-877
16008
2348
-16214
2592
15813
-517
-16502
2473
16983
-10878
-16520
-21446
16251
-1873
-16302
-17644
17561
-2330
-17815
7384
17308
213
-18448
9289
18258
-6668
-18060
-2609
18426
-1815
-18449
-2460
18840
3221
-18659
20320
19449
-8038
-18694
6320
19294
-33137
-19516
-5364
19882
6446
-19816
4906
19611
-4576
-19736
8579
20352
-8091
-20501
2551
20684
30531
-20035
470
20865
4048
-21042
-14383
21129
1922
-20976
-16730
21046
1617
-21188
-7014
21326
15165
-22068
-15628
22077
-21235
-22127
-1499
21522
-7973
-22231
20177
22609
-4649
-22194
21518
23117
-5560
-22988
2048
23027
7643
-23072
-8446
23023
10650
-23170
7130
23724
-8316
-23851
-17038
23911
12449
-23932
1597
23849
3106
-24686
-8285
24322
7976
-24706
-6664
24154
2873
-25021
-10294
24611
-140
-24988
4107
25292
2881
-25244
8340
25076
-4791
-25707
23914
25542
-17432
-25639
-4151
26001
3432
-25813
15147
26530
-10720
-26034
-16194
26397
-27774
-26527
-5301
26765
-18091
-27104
7960
26600
-974
-26878
1355
27311
-5237
-26734
-2822
27332
-2282
-27733
-7412
27911
-12563
-27359
14205
27993
12493
-27916
9848
28110
12811
-27598
-3330
28167
8907
-28108
9237
28118
8138
-28728
-13678
28525
-12798
-28080
5856
28224
11717
-28711
-18625
28568
-3651
-28868
-5325
29041
6426
-29098
-16129
29042
23044
-29082
2151
29232
-16954
-29286
-428
29798
-18485
-29460
-1906
29399
-4618
-29735
-2784
29863
-5766
-29638
7122
30005
-18061
-29867
17773
29834
-7807
-30265
18203
30344
-18639
-30132
-14619
30630
-5424
-30407
-1916
30361
-1673
-30606
-17441
30876
-4163
-30977
-7770
30952
-21597
-30920
-3805
31151
-3969
-31250
-13398
31285
-19366
-31008
-1510
30887
-10206
-31153
-6561
31177
2467
-31100
-10515
31126
-9652
-31318
3312
31040
1140
-31814
-2061
31982
15601
-31670
-11132
31465
-13186
-31237
6895
31677
-14738
-31451
-13954
31663
12756
-31454
8512
32188
18526
-31896
-4870
31886
-4311
-31592
3473
32098
3713
-31988
7216
31808
12410
-32067
-9308
32047
11939
-32182
22214
31548
-15121
-31906
1086
32480
3055
-32341
2992
32165
-22188
-32409
-4119
32195
-15863
-31952
-12358
32047
-2487
-31649
-8778
31730
-7404
-32598
-9711
32529
-11410
-32617
-6254
32524
9501
-31923
13480
32615
-24388
-31860
2573
32736
-16993
