    68 
  -161 
  -281 
   126 
   802 
    -6 
   -85 
   402 
   170 
   139 
     7 
   258 
   332 
  -259 
  -585 
   204 
   549 
  -251 
    52 
  -855 
    41 
   487 
    34 
   -86 
   111 
   104 
   638 
  -206 
   -75 
  -527 
   -51 
     5 
   242 
   253 
  -173 
    23 
   299 
    57 
  -398 
  -266 
   744 
   259 
  -346 
   321 
    96 
   549 
   112 
   211 
   286 
   -51 
    11 
   310 
    62 
  -599 
  -320 
  -171 
   -19 
   -74 
   592 
   782 
   158 
  -305 
   481 
  -965 
    98 
  -503 
  -315 
   256 
   -62 
   112 
   320 
  -259 
   -67 
  -150 
   119 
    53 
   132 
     9 
  -245 
   891 
   466 
  -254 
  -239 
   290 
     9 
   166 
   -21 
  -260 
   552 
  -143 
   186 
   397 
    19 
  -430 
   276 
  -226 
   479 
    90 
  -815 
  -205 
   492 
   743 
   109 
   368 
  -614 
   586 
   269 
   140 
   188 
   -20 
    51 
   532 
   -33 
  -317 
   504 
   757 
  -391 
   587 
   242 
   148 
  -481 
  -425 
   212 
   456 
   379 
  -131 
   541 
   353 
  -462 
  -317 
   166 
   321 
  -122 
   238 
   179 
   231 
  -430 
  -644 
    66 
   501 
  -161 
  -172 
   -43 
   129 
    -9 
  -151 
   152 
   -79 
   355 
   111 
   165 
   -80 
   335 
  -120 
   -80 
  -179 
  -208 
    50 
   113 
   235 
    38 
  -541 
   193 
   467 
   301 
  -431 
  -319 
  -351 
  -153 
  -126 
   784 
   174 
  -199 
  -469 
  -235 
  -246 
  -378 
  -144 
  -499 
  -328 
   -46 
    -7 
   -17 
  -432 
    61 
  -204 
   -12 
  -146 
  -281 
   161 
   168 
  -519 
   815 
   -28 
  -275 
   512 
    29 
  -196 
  1447 
  -641 
   -74 
  -120 
  -371 
    60 
   763 
  -140 
    27 
  -174 
   409 
   167 
    52 
  -134 
  -321 
   299 
   583 
  -310 
    91 
   290 
  -212 
   231 
   253 
  -122 
  -268 
  -122 
   -29 
   688 
   506 
   344 
   -93 
   -71 
  -546 
   440 
  -100 
   373 
   138 
   391 
  1137 
   -31 
   170 
   391 
   550 
   344 
    68 
  -379 
    62 
  -270 
  -427 
   398 
   448 
  -352 
   199 
  -367 
   -61 
   358 
   196 
   249 
  -210 
   128 
   101 
   -82 
   272 
   132 
   -43 
   138 
  -194 
    29 
   368 
   -23 
   -61 
   -52 
   467 
  -521 
   311 
  -617 
  -133 
  -208 
    50 
    39 
   -79 
  -425 
   -40 
   192 
   672 
   230 
  -173 
   277 
   -40 
  -225 
  -457 
   203 
   334 
   717 
  -125 
  -275 
  -317 
   363 
   175 
    23 
  -223 
   141 
   240 
   225 
  -184 
   -27 
   273 
   -53 
   426 
   513 
   162 
   394 
   288 
   119 
   186 
  -194 
   -14 
   161 
   368 
  -255 
    32 
   358 
   342 
   404 
   306 
    39 
   355 
   301 
   146 
   211 
   320 
   752 
  -354 
    22 
  -189 
   208 
  -123 
   923 
   196 
   167 
    32 
  -300 
   867 
    24 
   523 
   413 
   348 
  -432 
   318 
   412 
  -121 
    94 
  -304 
   408 
  -572 
   245 
  -235 
   222 
  -237 
   913 
   231 
   420 
  -625 
   256 
  -604 
    28 
   361 
   105 
  -236 
   785 
    33 
   171 
   250 
   716 
    60 
    99 
   -55 
    31 
  -198 
    23 
   594 
   376 
   105 
   275 
   245 
  -131 
   -22 
   145 
  -445 
    58 
  -149 
  -129 
    32 
    54 
    54 
   200 
   -35 
    60 
   -29 
    11 
   -58 
   288 
   198 
   568 
  -116 
   375 
   168 
   108 
   288 
   716 
    66 
  -297 
   -83 
   -23 
   473 
  -117 
    14 
     6 
   130 
  1041 
    71 
   160 
   423 
   650 
   432 
   339 
   293 
  -206 
   520 
   194 
  -353 
  -433 
    21 
   857 
   119 
   568 
   -43 
   -43 
   668 
   404 
   510 
   105 
  -289 
   334 
   -12 
   676 
   334 
   788 
    87 
   324 
   277 
   141 
    53 
   377 
    40 
   524 
   387 
    32 
    51 
  -201 
  -390 
   737 
   172 
   637 
   259 
   578 
   535 
   241 
  -280 
   839 
  -295 
   270 
  -176 
   300 
   150 
   266 
   160 
   575 
   634 
   -83 
   570 
    87 
   -66 
   938 
    66 
   594 
    67 
   400 
   500 
  1017 
    90 
   648 
    93 
  1405 
   491 
   573 
  -110 
  1063 
   344 
  1272 
   141 
  1164 
   488 
  1543 
  -124 
  1437 
  -145 
  2700 
  -281 
  3317 
   -39 
  5521 
   124 
 13772 
     7 
  -476 
    40 
-13436 
   167 
 -5369 
   391 
 -3677 
   254 
 -2489 
   294 
 -2660 
  -344 
 -1888 
   -13 
 -1763 
  -220 
 -1301 
   266 
 -1209 
  -362 
 -1489 
    31 
  -445 
    54 
 -1003 
  -394 
  -551 
    72 
 -1083 
    75 
  -742 
   190 
  -348 
  -451 
 -1096 
  -488 
 -1198 
   -24 
  -481 
     3 
  -730 
   301 
  -671 
   430 
  -643 
   421 
    -3 
  -385 
  -582 
  -136 
  -219 
   -61 
  -150 
   511 
    -8 
    50 
  -933 
  -198 
  -687 
    92 
  -152 
   120 
  -297 
  -113 
  -473 
    50 
  -252 
  -200 
   168 
   122 
   117 
   400 
  -241 
  -407 
  -417 
  -543 
   -99 
   191 
  -563 
    25 
    46 
    72 
   376 
   507 
  -885 
  -391 
  -274 
  -176 
  -686 
  -278 
  -116 
  -290 
   205 
    38 
  -287 
    -1 
   638 
    87 
  -411 
  -358 
  -508 
   221 
  -393 
    50 
  -682 
  -125 
   363 
   -38 
  -272 
   248 
     5 
   -72 
   224 
   190 
   -40 
   154 
  -309 
   157 
  -265 
    48 
   -96 
    86 
  -204 
   273 
  -465 
   578 
  -241 
   154 
  -154 
  -108 
  -414 
    19 
    -6 
  -487 
   102 
   307 
  -245 
   142 
  -244 
    86 
  -170 
  -161 
   440 
    74 
   -50 
   347 
   524 
  -206 
  -164 
   730 
  -250 
   733 
    -9 
   -93 
   190 
   382 
   673 
   380 
    -4 
   763 
   -11 
   405 
   149 
   265 
  -122 
  -222 
   180 
  -187 
  -682 
  -390 
   197 
  -729 
  -229 
   106 
  -506 
    -8 
   -26 
   270 
   708 
   318 
    17 
   446 
  -177 
  -170 
   568 
    -8 
     5 
  -236 
    90 
  -171 
  -179 
  -236 
   193 
    72 
   161 
  -226 
  -450 
   142 
    -7 
   -73 
  -356 
  -146 
   -77 
   -72 
   241 
  -281 
   331 
  -134 
  -203 
   286 
  -197 
  -125 
    91 
   362 
   -13 
   -67 
  -105 
   446 
   217 
   274 
  -428 
  -202 
   528 
   581 
    52 
   165 
  -388 
   308 
   141 
  -516 
   109 
   168 
    28 
   214 
  -533 
    59 
   -75 
   247 
  -342 
  -171 
  -760 
  -354 
  -665 
   121 
  -198 
  -261 
  -148 
   347 
  -103 
   168 
    10 
  -150 
    15 
    24 
  -230 
   322 
    26 
   -86 
    93 
   193 
   264 
   -77 
  -498 
  -312 
  -459 
   561 
   263 
    55 
  -376 
    48 
  -493 
  -435 
   246 
   -44 
   216 
  -982 
  -172 
     4 
   260 
   248 
   294 
   663 
   344 
   243 
  -161 
  -382 
   244 
   152 
   574 
   406 
  -241 
  -101 
  -235 
   327 
   125 
    27 
   202 
  -471 
  -422 
   445 
   183 
    68 
  -210 
  -271 
    71 
    71 
  -271 
  -631 
  -241 
   499 
     2 
   175 
  -202 
 -1297 
  -717 
    68 
  -285 
   397 
   413 
  -713 
   -73 
    -1 
  -587 
   415 
    86 
   135 
  -230 
    68 
  -279 
   148 
  -520 
   181 
   -64 
   586 
  -389 
   498 
  -201 
   394 
  -304 
   330 
  -526 
  -682 
    96 
   244 
  -207 
   443 
  -434 
  -218 
  -492 
   -57 
   394 
   126 
  -601 
     9 
   138 
   345 
    -7 
   247 
  -209 
  -239 
  -189 
   -71 
  -127 
  -208 
    64 
   -62 
  -146 
   123 
  -198 
   187 
    77 
   312 
  -224 
    47 
   442 
   576 
  -750 
   -48 
   179 
   258 
   166 
   -61 
   284 
   589 
  -379 
  -414 
   281 
  -266 
  -181 
  -106 
   423 
   591 
  -456 
   -87 
   129 
   509 
   521 
  -408 
   711 
   145 
  -378 
    56 
   477 
   -41 
   -82 
  -159 
   115 
   745 
   547 
    33 
   345 
  -372 
   713 
   956 
  -296 
  -362 
    80 
  -113 
  -283 
    91 
  -486 
   -67 
   387 
  -418 
  -181 
   116 
  -345 
   153 
   160 
   385 
   258 
  -305 
  -291 
   327 
   911 
    -9 
   -16 
   -29 
   -22 
   215 
  -183 
  -198 
  -294 
   199 
    79 
   435 
   226 
    24 
  -532 
  -370 
  -985 
   -25 
  -352 
  -494 
   748 
   125 
   -84 
   435 
  -227 
    67 
  -609 
   120 
   313 
  -148 
   -88 
    -4 
   186 
    30 
   516 
   487 
   335 
  -575 
   240 
   514 
  -281 
  -189 
    62 
   333 
    36 
  -134 
   237 
   192 
     8 
   218 
  -536 
  -532 
  -235 
     0 
   106 
   121 
   -76 
   112 
   499 
    38 
  -860 
  -442 
  -267 
   748 
   200 
  -211 
  -224 
    68 
   261 
   -76 
   138 
   218 
   412 
  -658 
    -7 
   408 
   158 
