    62 
     1 
   -65 
     6 
    61 
    -9 
   -64 
    35 
    61 
   -34 
   -64 
    12 
    61 
   -19 
   -64 
     1 
    61 
     3 
   -62 
    30 
    60 
    25 
   -64 
    -7 
    62 
   -30 
   -64 
     8 
    61 
     4 
   -64 
   -24 
    61 
    -8 
   -64 
    28 
    61 
    -3 
   -64 
   -13 
    61 
    15 
   -62 
     3 
    61 
    29 
   -63 
    12 
    61 
   -17 
   -63 
    11 
    61 
    10 
   -63 
    27 
    61 
    61 
   -62 
   -35 
    60 
   -22 
   -62 
    19 
    61 
   -16 
   -62 
   -28 
    60 
   -11 
   -62 
   -18 
    60 
     9 
   -61 
     7 
    60 
    -4 
   -62 
    17 
    59 
    31 
   -61 
   -29 
    59 
    -3 
   -60 
    -1 
    59 
    31 
   -61 
   -34 
    60 
    -2 
   -62 
   -20 
    59 
     8 
   -62 
    23 
    59 
     0 
   -60 
     9 
    59 
    24 
   -60 
   -16 
    57 
     9 
   -60 
    -9 
    58 
   -11 
   -61 
     6 
    57 
    22 
   -59 
    -6 
    58 
   -21 
   -59 
    13 
    57 
   -13 
   -59 
   -22 
    58 
     5 
   -59 
   -33 
    58 
    -4 
   -58 
    -7 
    56 
   -30 
   -58 
    27 
    57 
    17 
   -57 
    20 
    56 
   -27 
   -57 
    18 
    55 
    20 
   -57 
   -32 
    55 
    13 
   -57 
   -36 
    56 
    18 
   -56 
   -15 
    55 
   -10 
   -56 
    -2 
    55 
   -44 
   -56 
    -7 
    53 
    -1 
   -56 
    -1 
    53 
    -7 
   -54 
    15 
    53 
    -6 
   -54 
    24 
    53 
    18 
   -54 
    41 
    51 
    46 
   -54 
    22 
    52 
   -37 
   -52 
    26 
    51 
    -6 
   -52 
     1 
    52 
   -26 
   -52 
   -34 
    49 
    11 
   -50 
   -15 
    51 
    -8 
   -51 
    -4 
    51 
    12 
   -52 
     2 
    49 
     0 
   -51 
     5 
    49 
   -18 
   -50 
    36 
    48 
     4 
   -50 
     7 
    47 
   -59 
   -47 
   -25 
    46 
   -28 
   -49 
   -13 
    46 
     7 
   -49 
   -14 
    46 
   -20 
   -47 
   -12 
    46 
    10 
   -47 
     3 
    45 
    -8 
   -47 
    14 
    45 
    14 
   -46 
    26 
    43 
     5 
   -45 
    22 
    43 
   -15 
   -44 
   -20 
    43 
   -24 
   -44 
     3 
    42 
    36 
   -44 
     7 
    42 
    14 
   -43 
   -10 
    40 
    21 
   -42 
   -18 
    40 
    29 
   -41 
   -33 
    41 
    -7 
   -41 
    60 
    39 
    20 
   -41 
   -20 
    38 
   -17 
   -40 
    22 
    39 
    14 
   -38 
     8 
    38 
   -46 
   -38 
   -15 
    37 
    15 
   -36 
   -13 
    37 
    -9 
   -36 
    -1 
    37 
   -17 
   -37 
   -15 
    34 
    -1 
   -37 
    26 
    35 
     4 
   -36 
     4 
    34 
    -7 
   -35 
   -40 
    34 
    -1 
   -34 
    22 
    32 
    10 
   -33 
   -14 
    32 
   -11 
   -33 
    15 
    31 
   -33 
   -34 
     6 
    30 
   -12 
   -32 
    -4 
    31 
   -12 
   -31 
   -29 
    31 
    -8 
   -29 
   -11 
    28 
   -27 
   -29 
    -1 
    29 
     4 
   -29 
   -24 
    27 
   -65 
   -28 
   -23 
    27 
     4 
   -28 
    47 
    26 
    13 
   -25 
   -20 
    26 
   -12 
   -25 
    18 
    24 
     9 
   -25 
   -52 
    23 
   -22 
   -26 
   -58 
    23 
     5 
   -25 
     2 
    22 
     1 
   -24 
    32 
    21 
    -1 
   -23 
    18 
    22 
     0 
   -23 
    -5 
    22 
   -23 
   -21 
     7 
    20 
    31 
   -21 
   -13 
    19 
    -7 
   -20 
    35 
    18 
     1 
   -18 
    46 
    18 
     4 
   -18 
    58 
    17 
   -21 
   -18 
   -11 
    15 
    21 
   -18 
     4 
    15 
   -21 
   -16 
    27 
    15 
    -5 
   -15 
     1 
    14 
   -33 
   -14 
    10 
    13 
   -49 
   -13 
   -31 
    11 
     3 
   -13 
    -3 
    10 
     4 
   -13 
   -44 
    11 
    -1 
   -11 
    -2 
    11 
    -2 
   -10 
   -26 
     9 
   -21 
   -11 
   -30 
     9 
   -14 
   -10 
   -28 
     7 
     4 
    -8 
    -4 
     6 
    28 
    -7 
    18 
     5 
    -6 
    -7 
   -29 
     5 
   -12 
    -5 
   -24 
     4 
   -44 
    -6 
   -40 
     5 
    26 
    -5 
     0 
     2 
     7 
    -3 
     0 
     2 
    -4 
    -4 
   -35 
     1 
   -24 
    -3 
    -4 
     0 
    16 
     0 
     2 
     0 
    -4 
    -1 
   -12 
     1 
   -42 
     1 
    -1 
    -1 
   -22 
     1 
     7 
    -2 
    31 
     2 
    48 
    -3 
    20 
     1 
    14 
    -4 
   -13 
     4 
   -14 
    -5 
    24 
     3 
    11 
    -5 
    -6 
     5 
     6 
    -4 
    24 
     7 
    -2 
    -7 
     1 
     7 
   -32 
    -7 
   -17 
     7 
   -10 
    -9 
   -28 
     8 
     0 
    -9 
     5 
     9 
    23 
    -9 
   -20 
    10 
    -6 
   -10 
    -4 
    10 
     6 
   -10 
    28 
    11 
    35 
   -12 
     1 
    10 
    18 
   -13 
    29 
    12 
    -8 
   -13 
    31 
    14 
    28 
   -14 
   -34 
    14 
     0 
   -15 
   -25 
    16 
   -18 
   -16 
    20 
    16 
     1 
   -16 
     0 
    15 
    17 
   -16 
    -8 
    17 
     1 
   -17 
    -2 
    18 
     8 
   -18 
   -14 
    18 
    24 
   -18 
   -21 
    19 
    16 
   -20 
    18 
    20 
   -10 
   -22 
    15 
    21 
    -6 
   -22 
     8 
    22 
    24 
   -23 
   -30 
    22 
     9 
   -23 
    11 
    23 
    17 
   -23 
    13 
    22 
    -4 
   -24 
    10 
    25 
     0 
   -25 
    12 
    25 
     3 
   -26 
   -11 
    25 
    10 
   -28 
    -3 
    27 
    15 
   -28 
    15 
    26 
   -24 
   -27 
   -41 
    28 
    -5 
   -28 
    42 
    28 
    -1 
   -28 
   -25 
    29 
    -8 
   -30 
    -8 
    29 
     9 
   -31 
     6 
    30 
     8 
   -30 
   -23 
    31 
    40 
   -32 
    35 
    32 
    25 
   -33 
    17 
    33 
   -39 
   -33 
   -34 
    34 
   -15 
   -35 
    -9 
    33 
     4 
   -35 
     9 
    34 
     3 
   -35 
    37 
    36 
    51 
   -35 
     7 
    36 
     4 
   -37 
     4 
    37 
   -28 
   -37 
    22 
    38 
    -4 
   -37 
    -3 
    38 
     0 
   -39 
    13 
    38 
    31 
   -39 
     9 
    40 
    19 
   -38 
    -8 
    39 
    -2 
   -40 
   -14 
    41 
    37 
   -41 
   -14 
    41 
    37 
   -40 
   -14 
    41 
    -9 
   -41 
    62 
    42 
    17 
   -42 
   -34 
    43 
   -52 
   -43 
    -6 
    42 
    -3 
   -44 
     7 
    44 
   -15 
   -44 
   -19 
    44 
   -22 
   -45 
     3 
    44 
   -17 
   -46 
    34 
    45 
    -7 
   -46 
    -1 
    46 
    41 
   -47 
     9 
    46 
     2 
   -48 
    -7 
    45 
   -14 
   -48 
   -18 
    47 
     8 
   -48 
    -1 
    46 
   -27 
   -48 
   -18 
    48 
     2 
   -49 
     5 
    47 
   -16 
   -50 
   -24 
    48 
     5 
   -51 
     0 
    49 
    10 
   -51 
     9 
    50 
     9 
   -51 
    -9 
    49 
     8 
   -50 
    -2 
    51 
     3 
   -51 
    13 
    51 
    -6 
   -52 
     4 
    52 
     1 
   -52 
    -4 
    51 
    -5 
   -53 
    27 
    52 
     4 
   -53 
    -8 
    53 
     3 
   -54 
    25 
    53 
    32 
   -53 
     8 
    54 
   -31 
   -54 
    19 
    54 
   -33 
   -55 
   -28 
    55 
     0 
   -55 
   -22 
    54 
    25 
   -56 
     3 
    56 
    -6 
   -55 
   -16 
    56 
    15 
   -56 
   -21 
    58 
   -20 
   -56 
   -16 
    57 
    -4 
   -58 
    14 
    57 
     5 
   -57 
   -14 
    56 
     4 
   -59 
    -7 
    57 
   -12 
   -57 
    -5 
    57 
   -12 
   -58 
    17 
    57 
    -3 
   -59 
     3 
    59 
   -13 
   -59 
    -7 
    59 
     8 
   -58 
   -37 
    59 
   -34 
   -60 
    -6 
    58 
    -5 
   -59 
    -7 
    59 
    32 
   -59 
   -25 
    59 
     9 
   -60 
    -8 
    60 
    -7 
   -59 
   -15 
    59 
    19 
   -59 
     9 
    60 
   -42 
   -61 
    21 
    61 
    -9 
   -62 
    -7 
    60 
    12 
   -60 
    18 
    62 
    -7 
   -62 
     9 
    61 
   -15 
   -61 
   -11 
    61 
     2 
   -62 
   -30 
    62 
   -17 
   -61 
    16 
    61 
     4 
   -62 
   -12 
    61 
    35 
   -62 
     6 
    62 
    -1 
   -62 
     7 
    62 
    32 
   -62 
    10 
    62 
     6 
   -63 
   -14 
    63 
     6 
   -63 
     4 
    61 
    12 
   -62 
    23 
    61 
   -10 
   -64 
   -20 
    63 
   -17 
   -64 
    17 
    62 
   -19 
   -63 
     5 
    61 
   -27 
   -62 
    -2 
    62 
    64 
   -64 
     7 
    62 
   -16 
   -63 
    -9 
    62 
   -39 
   -62 
   -15 
    62 
    33 
   -62 
     2 
    62 
   -13 
