   520 
     0 
    -6 
     0 
    62 
    21 
    62 
   -21 
    11 
     2 
    -9 
     3 
    -9 
    -3 
    11 
    -2 
    10 
     1 
    -6 
     1 
   -24 
    -9 
    16 
    -5 
    16 
     5 
   -24 
     9 
    -6 
    -1 
    10 
    -1 
     9 
     0 
    -6 
     0 
   -90 
   -33 
    25 
    -8 
    13 
     3 
   -14 
     5 
    -7 
    -2 
    10 
    -2 
    10 
     2 
    -7 
     2 
   -14 
    -5 
    13 
    -3 
    25 
     8 
   -90 
    33 
    -6 
     0 
     9 
     0 
     2 
     0 
     4 
     0 
   -40 
   118 
    -2 
   -12 
     1 
     2 
     4 
     4 
     4 
    -2 
     2 
    -2 
     2 
     1 
     4 
     2 
     6 
    -6 
     1 
    -4 
     0 
     6 
     8 
    14 
     4 
    -1 
     2 
    -1 
     2 
     1 
     4 
     1 
     8 
   -14 
     0 
    -6 
     1 
     4 
     5 
     6 
     4 
    -1 
     2 
    -1 
     2 
     2 
     4 
     3 
     4 
    -4 
     1 
    -2 
    -2 
    12 
   -40 
  -118 
     4 
     0 
     2 
     0 
