     6 
     0 
    20 
     4 
    -6 
    -4 
    -5 
    -6 
     4 
     2 
     0 
    -4 
    -2 
   -18 
     2 
    -8 
     7 
   -28 
   -18 
    56 
    -6 
    16 
     4 
     3 
    -6 
     8 
   -10 
     7 
     3 
     4 
    -2 
     4 
   -27 
    -6 
    -4 
     2 
   -11 
    -6 
     4 
    16 
    -1 
    10 
    -4 
    -2 
    -4 
     8 
    -9 
    16 
    -4 
     2 
   -15 
    12 
    88 
   -54 
    11 
    -5 
    -2 
    -1 
    10 
     0 
     8 
     2 
    -3 
    -2 
     4 
     4 
    15 
    24 
    -2 
    -6 
     0 
     2 
     0 
   -18 
     1 
    -5 
    -4 
     4 
     3 
    -6 
     6 
    -6 
   -11 
     2 
    -6 
    -1 
   -64 
    -8 
     7 
     0 
     8 
     2 
    -4 
    -8 
     0 
    -4 
     5 
     4 
     2 
    -8 
     4 
   -26 
    -2 
    20 
     0 
     6 
   -10 
    16 
     0 
     4 
     6 
     1 
    -5 
     5 
    -3 
     4 
    16 
     8 
     6 
     8 
    28 
    28 
   -15 
   -12 
    -8 
    -6 
    -2 
     7 
    -4 
     0 
    -2 
    -8 
    -8 
     6 
   -15 
    12 
    28 
   -28 
     6 
    -8 
    16 
    -8 
    -3 
    -4 
    -5 
    -5 
     6 
    -1 
     0 
    -4 
   -10 
   -17 
     0 
    -6 
    -2 
   -21 
     4 
    26 
     2 
     8 
     5 
    -4 
     0 
     5 
    -4 
     8 
     8 
    -2 
     7 
     0 
   -64 
     6 
    -6 
     2 
   -11 
    -2 
     6 
     6 
     3 
     6 
    -4 
    -4 
     1 
     5 
     0 
    18 
     0 
    -4 
    -2 
     6 
    15 
   -24 
     4 
    -4 
    -3 
     2 
     8 
    -2 
    10 
     0 
    -2 
     1 
    11 
     5 
    88 
    54 
   -15 
   -12 
    -4 
    -2 
    -9 
   -16 
    -4 
    -8 
    -4 
     2 
    -1 
   -10 
     4 
   -16 
   -10 
     6 
    -5 
    -2 
   -27 
     6 
    -2 
    -4 
     3 
    -4 
   -10 
    -8 
    -6 
    -8 
     4 
    -2 
    -6 
   -16 
   -18 
   -56 
     7 
    28 
     2 
     8 
    -2 
    17 
     0 
     4 
     4 
    -2 
    -5 
     6 
    -6 
     4 
    20 
    -4 
