419
45
203
361
-193
372
-442
68
-232
-348
46
-385
332
-100
282
234
-82
348
-298
96
-349
-329
81
-441
457
-130
331
229
38
391
-413
163
-421
-148
-17
-493
314
-271
358
248
27
449
-256
252
-422
-116
-101
-368
329
-295
406
123
132
312
-225
352
-376
12
-204
-406
272
-434
347
-21
266
382
-189
375
-407
3
-261
-356
190
-335
355
-109
269
313
-124
460
-378
184
-368
-285
93
-430
302
-156
294
189
-27
480
-217
191
-361
-234
11
-445
319
-253
387
238
70
444
-285
286
-348
-139
-126
-470
239
-283
402
96
82
431
-304
348
-367
16
-102
-338
229
-250
442
-13
238
364
-177
392
-412
65
-229
-373
139
-375
409
-54
270
263
-122
363
-356
84
-276
-226
78
-423
337
-124
429
255
42
347
-387
277
-346
-246
-3
-431
267
-241
342
113
73
430
-263
198
-425
-143
-145
-444
266
-307
405
123
100
436
-297
385
-327
-63
-199
-378
230
-337
381
-7
226
367
-102
397
-393
23
-348
-316
100
-380
403
-123
302
289
-119
460
-426
223
-356
-288
103
-413
406
-180
345
288
-29
348
-418
249
-390
-161
29
-397
334
-252
369
193
121
383
-254
342
-381
-96
-60
-454
266
-287
336
106
210
436
-295
336
-409
53
-212
-424
145
-372
480
-54
242
340
-199
360
-476
79
