     8 
    13 
   -16 
    -7 
    10 
    16 
     4 
    14 
   -28 
    -4 
    -1 
    -6 
   -16 
   -12 
    17 
   -11 
    16 
    12 
    -6 
    18 
    -9 
    10 
     5 
   -10 
    22 
    18 
     6 
     8 
   -27 
     6 
    14 
    28 
     1 
     3 
    -8 
    -6 
     3 
   -10 
   -22 
    -8 
    14 
     6 
    13 
    -6 
   -20 
     0 
     8 
    12 
    28 
    -4 
   -16 
    -6 
    16 
    18 
    14 
    12 
   -14 
    -2 
    -4 
   -13 
   -12 
    -6 
     6 
     6 
     3 
     2 
     4 
   -18 
   -16 
    -2 
     1 
    -6 
    -2 
   -19 
     7 
   -18 
    10 
   -16 
    -4 
   -36 
     6 
     7 
     6 
    -8 
     3 
    -4 
    11 
   -22 
    15 
     6 
   -29 
     9 
   -10 
    24 
    -9 
    13 
    24 
    22 
     3 
    -8 
    28 
   -12 
   -32 
     5 
    12 
   -16 
   -10 
     9 
    -2 
    18 
    12 
    30 
   -20 
    -6 
    12 
   -20 
    24 
   -35 
    10 
     0 
     1 
   -12 
    12 
   -16 
    12 
   -20 
     3 
     3 
     4 
    18 
    -6 
   -15 
    -6 
    16 
   -25 
    12 
    18 
   -16 
   -17 
    -4 
    20 
    10 
    15 
    10 
    10 
   -10 
     0 
    12 
     7 
     0 
     1 
   -11 
     2 
    18 
   -23 
    -8 
     2 
     8 
     2 
   -18 
   -19 
     7 
   -16 
    16 
    -3 
    15 
    26 
    -8 
     0 
    28 
    -8 
   -18 
    22 
    -8 
    17 
    -3 
    -8 
     4 
   -24 
    -2 
    -6 
    -2 
    16 
     8 
   -14 
   -16 
     6 
   -14 
     6 
    12 
    20 
   -10 
    -3 
    -8 
     0 
     4 
    -4 
    14 
     3 
     2 
    32 
    -4 
   -19 
    -4 
     4 
    -1 
     8 
    14 
   -10 
     1 
     6 
     0 
    35 
   -16 
    -1 
   -13 
     9 
    -9 
    -6 
    -1 
     4 
    16 
    -4 
    -9 
   -10 
     0 
     3 
   -23 
     1 
    22 
     3 
     7 
     8 
   -12 
    16 
     8 
   -12 
    -6 
    16 
    -5 
   -18 
    24 
    22 
     6 
     8 
     9 
    16 
    -6 
    17 
     0 
    -2 
    -6 
     0 
    -4 
    -7 
    -4 
